METHOD 1:

	AAA BBB CCC DDD EEE FFF GGG HHH III JJJ
AAA 0	1	2	3	4	5	6	7	8	9
BBB 1	0	11	12	13	14	15	16	17	18
CCC 2	11	0	21	22	23	24	25	26	27
DDD 3	12	21	0	31	32	33	34	35	36
EEE 4	13	22  31	0	41	42	43	44	45
FFF 5	14	23	32	41	0	51	52	53	54
GGG 6 	15	24	33	42  51	0	61	62	63
HHH 7	16	25	34	43	52	61	0	71	72
III 8	17	26	35	44	53	62	71	0	81
JJJ 9	18	27	35	45	54	63	72	81	0



METHOD 2:

SFO SFO 0
SFO SJC 30
SFO LAX 800
SJC SJC 0
SJC SFO 30
SJC LAX 770
LAX LAX 0
LAX SFO 800
LAX SJC 770
